0 15
0 18
0 36
0 39
0 40
0 41
0 42
0 44
0 57
1 2
1 5
1 22
1 23
1 26
1 62
1 63
1 64
1 66
1 67
2 3
2 4
2 5
2 10
2 11
2 22
2 23
2 24
2 25
2 26
2 28
2 31
2 50
2 56
2 58
2 59
2 62
2 63
2 65
2 66
2 67
3 4
3 16
3 24
3 25
3 26
3 27
3 28
3 31
3 36
3 56
3 58
3 60
3 61
3 67
3 249
3 250
3 251
4 5
4 24
4 25
4 26
4 28
4 56
4 58
4 61
4 64
4 67
5 24
5 25
5 26
5 59
5 61
5 62
5 63
5 64
5 65
5 67
6 7
6 16
6 21
6 24
6 32
6 59
6 60
6 61
6 63
6 77
6 111
6 204
7 16
7 21
7 24
7 32
7 59
7 60
7 61
7 63
7 77
7 111
7 204
8 12
8 29
8 30
8 31
8 33
8 34
8 35
8 51
8 52
8 53
8 54
8 55
8 77
8 111
9 24
9 58
9 64
9 172
10 11
10 16
10 22
10 23
10 24
10 26
10 27
10 28
10 50
10 60
10 61
10 66
10 67
11 22
11 23
11 50
12 13
12 14
13 14
13 21
14 21
14 179
14 180
14 182
14 277
14 299
14 300
14 301
14 302
14 303
14 304
14 306
15 17
15 18
15 37
15 39
15 40
15 41
15 57
16 24
16 27
16 31
16 32
16 59
16 60
16 61
16 63
16 66
16 77
16 111
17 18
17 37
17 39
17 40
17 41
18 37
18 39
18 40
18 41
18 42
18 57
19 20
19 36
19 38
19 45
19 46
19 93
19 94
19 99
19 100
19 110
20 38
20 43
20 45
20 46
20 47
20 48
20 49
21 32
21 59
21 249
21 267
21 268
22 23
22 32
22 50
22 62
23 32
23 50
23 62
24 25
24 26
24 28
24 31
24 32
24 56
24 58
24 59
24 60
24 63
24 64
24 65
24 66
24 67
24 77
24 111
25 26
25 28
25 56
25 58
25 61
25 64
25 67
26 28
26 31
26 56
26 58
26 62
26 63
26 65
26 66
26 67
27 28
27 56
27 60
27 61
27 66
27 249
27 250
27 251
28 31
28 56
28 58
28 66
28 67
29 30
29 31
29 33
29 34
29 35
29 51
29 52
29 53
29 54
29 55
30 31
30 33
30 34
30 35
30 51
30 52
30 53
30 54
30 55
31 33
31 34
31 35
31 51
31 52
31 53
31 54
31 55
31 56
31 60
31 61
31 67
32 59
32 60
32 63
32 77
32 111
33 34
33 35
33 51
33 52
33 53
33 54
33 55
34 35
34 51
34 52
34 53
34 54
34 55
35 51
35 52
35 53
35 54
35 55
36 39
36 40
36 41
36 42
36 44
36 93
36 94
36 99
36 100
36 110
36 249
36 251
37 39
37 40
37 41
38 43
38 45
38 46
38 47
38 48
38 49
39 40
39 41
39 42
39 44
39 57
40 41
40 42
40 44
40 47
41 42
41 44
41 47
42 44
42 57
43 45
43 46
43 47
43 48
43 49
43 96
43 285
45 46
45 47
45 48
45 49
46 47
46 48
46 49
47 48
47 49
48 49
48 274
48 275
48 284
51 52
51 53
51 54
51 55
52 53
52 54
52 55
53 54
53 55
54 55
56 58
56 67
56 93
56 94
56 99
56 100
56 110
56 249
56 250
56 251
58 64
58 67
59 60
59 63
59 65
59 77
59 111
60 61
60 63
60 66
60 77
60 111
61 64
61 66
62 63
62 64
62 66
62 67
63 64
63 65
63 67
63 77
63 111
64 66
65 67
65 98
66 67
68 78
68 81
68 89
68 94
68 98
68 102
68 107
68 108
68 109
68 117
68 118
68 119
68 120
68 122
68 123
68 172
68 173
68 176
68 184
68 210
68 211
68 212
68 213
68 218
68 248
68 256
68 261
68 262
68 264
68 272
68 274
68 275
68 278
68 280
68 281
68 282
68 283
68 284
68 285
68 293
68 303
68 304
68 305
69 88
69 114
69 125
69 129
69 130
69 131
69 150
69 151
69 166
69 167
69 190
69 203
69 230
70 71
70 246
70 259
70 260
71 93
71 249
71 259
71 260
72 73
72 75
72 88
72 124
72 135
72 136
72 137
72 138
72 145
72 150
72 152
72 153
72 155
72 163
72 189
72 239
73 75
73 116
73 124
73 125
73 135
73 136
73 146
73 150
73 155
73 163
73 189
73 194
74 75
74 115
74 116
74 124
74 132
74 133
74 137
74 139
74 142
74 143
74 144
74 149
74 153
74 155
74 157
74 158
74 159
74 163
74 165
74 233
75 115
75 124
75 132
75 133
75 135
75 137
75 139
75 140
75 142
75 143
75 144
75 153
75 155
75 158
75 159
75 163
75 165
75 189
76 77
76 99
76 102
76 103
76 104
76 106
76 109
76 111
76 113
76 120
76 211
76 265
76 266
76 293
76 305
77 97
77 99
77 100
77 102
77 103
77 104
77 106
77 111
77 177
77 254
77 267
77 268
77 269
78 89
78 92
78 98
78 102
78 107
78 108
78 109
78 113
78 119
78 120
78 122
78 123
78 172
78 173
78 176
78 182
78 184
78 210
78 211
78 248
78 256
78 261
78 262
78 264
78 272
78 274
78 275
78 277
78 278
78 280
78 281
78 282
78 283
78 284
78 285
78 293
78 294
78 297
78 305
79 113
79 122
79 123
79 171
79 175
79 211
79 264
80 83
80 294
81 117
81 118
81 266
82 83
82 84
82 85
82 86
82 87
82 119
82 172
82 173
82 174
82 176
82 248
82 256
82 257
82 258
82 262
82 265
82 272
82 278
83 84
83 85
83 86
83 87
83 117
83 118
83 119
83 172
83 173
83 174
83 175
83 177
83 248
83 256
83 257
83 262
83 265
83 266
83 272
83 278
84 85
84 86
84 87
84 101
84 119
84 172
84 173
84 174
84 175
84 248
84 256
84 257
84 258
84 262
84 265
84 272
84 278
85 86
85 87
85 100
85 101
85 119
85 172
85 173
85 174
85 175
85 248
85 254
85 256
85 257
85 258
85 262
85 263
85 265
85 272
85 273
85 278
86 87
86 100
86 101
86 119
86 172
86 173
86 174
86 175
86 248
86 254
86 256
86 257
86 258
86 262
86 263
86 265
86 272
86 273
86 278
87 100
87 101
87 119
87 172
87 173
87 174
87 175
87 248
87 254
87 256
87 257
87 258
87 262
87 263
87 265
87 272
87 273
87 278
88 95
88 129
88 130
88 135
88 136
88 150
88 151
88 166
88 190
88 191
88 198
88 199
88 229
88 243
88 288
88 289
89 97
89 98
89 102
89 107
89 108
89 109
89 119
89 120
89 122
89 123
89 172
89 173
89 176
89 184
89 210
89 211
89 248
89 256
89 261
89 262
89 264
89 269
89 272
89 274
89 275
89 276
89 278
89 279
89 280
89 281
89 282
89 283
89 284
89 285
89 293
89 305
90 95
90 127
90 128
90 129
90 146
90 148
90 150
90 156
90 162
90 165
90 178
90 183
90 200
90 215
90 226
90 241
90 290
90 291
91 95
91 215
91 227
91 228
92 184
92 261
92 273
92 293
93 94
93 99
93 100
93 105
93 110
93 249
93 250
93 295
93 296
94 99
94 100
94 105
94 110
94 111
94 176
94 250
94 262
94 267
94 268
94 295
94 296
94 304
95 121
95 128
95 162
95 167
95 178
95 200
95 202
95 207
95 215
95 216
95 217
95 219
95 221
95 222
95 223
95 286
96 98
96 247
96 256
96 257
96 262
96 263
96 264
96 269
96 272
96 273
96 274
96 275
96 276
96 285
96 288
96 289
96 290
96 291
97 99
97 100
97 102
97 103
97 104
97 113
97 184
97 212
97 213
97 214
97 218
97 261
97 267
97 268
97 269
97 270
97 271
97 276
97 279
97 280
97 281
97 282
97 283
97 284
97 285
98 102
98 107
98 108
98 109
98 119
98 120
98 122
98 123
98 172
98 173
98 176
98 184
98 210
98 211
98 248
98 256
98 261
98 262
98 264
98 272
98 274
98 275
98 278
98 280
98 281
98 282
98 283
98 284
98 285
98 293
98 305
99 100
99 102
99 103
99 104
99 106
99 110
99 250
99 254
99 267
99 268
99 269
100 102
100 103
100 104
100 110
100 250
100 254
100 263
100 267
100 268
100 269
100 273
101 105
101 112
101 175
102 103
102 104
102 106
102 107
102 108
102 109
102 110
102 119
102 120
102 122
102 123
102 172
102 173
102 176
102 184
102 210
102 211
102 248
102 256
102 261
102 262
102 264
102 267
102 268
102 269
102 272
102 274
102 275
102 276
102 278
102 279
102 280
102 281
102 282
102 283
102 284
102 285
102 293
102 305
103 104
103 106
103 109
103 110
103 254
103 267
103 268
103 269
104 106
104 109
104 110
104 254
104 267
104 268
104 269
106 109
106 111
106 113
106 120
106 211
106 265
106 266
106 293
106 305
107 108
107 109
107 119
107 120
107 122
107 123
107 172
107 173
107 176
107 184
107 210
107 211
107 248
107 256
107 261
107 262
107 264
107 272
107 274
107 275
107 278
107 280
107 281
107 282
107 283
107 284
107 285
107 293
107 297
107 300
107 304
107 305
108 109
108 119
108 120
108 122
108 123
108 172
108 173
108 176
108 184
108 210
108 211
108 248
108 256
108 261
108 262
108 264
108 272
108 274
108 275
108 278
108 280
108 281
108 282
108 283
108 284
108 285
108 293
108 297
108 300
108 304
108 305
109 111
109 113
109 119
109 120
109 122
109 123
109 172
109 173
109 176
109 184
109 210
109 211
109 248
109 256
109 261
109 262
109 264
109 272
109 274
109 275
109 278
109 280
109 281
109 282
109 283
109 284
109 285
109 293
109 305
110 117
110 118
110 176
110 250
111 113
111 120
111 177
111 211
111 267
111 268
111 293
111 305
113 120
113 122
113 123
113 211
113 255
113 266
113 293
113 305
114 131
114 140
114 141
114 143
114 144
114 154
114 155
114 178
115 121
115 129
115 132
115 133
115 137
115 139
115 142
115 150
115 152
115 153
115 155
115 156
115 163
115 165
116 132
116 133
116 137
116 139
116 142
116 146
116 149
116 153
116 155
116 156
116 157
116 163
116 165
116 183
116 194
116 233
117 118
117 119
117 176
117 212
117 213
117 214
117 218
117 265
117 266
118 119
118 176
118 212
118 213
118 214
118 218
118 265
118 266
119 120
119 122
119 123
119 172
119 173
119 174
119 176
119 184
119 210
119 211
119 212
119 213
119 214
119 218
119 248
119 256
119 257
119 261
119 262
119 264
119 265
119 266
119 272
119 274
119 275
119 278
119 280
119 281
119 282
119 283
119 284
119 285
119 293
119 300
119 305
120 122
120 123
120 172
120 173
120 176
120 184
120 210
120 211
120 248
120 256
120 261
120 262
120 264
120 265
120 266
120 272
120 274
120 275
120 278
120 280
120 281
120 282
120 283
120 284
120 285
120 293
120 300
120 305
121 128
121 137
121 142
121 146
121 152
121 153
121 155
121 156
121 162
121 163
121 165
122 123
122 172
122 173
122 176
122 184
122 210
122 211
122 248
122 256
122 261
122 262
122 264
122 272
122 274
122 275
122 278
122 280
122 281
122 282
122 283
122 284
122 285
122 293
122 297
122 299
122 305
123 172
123 173
123 176
123 184
123 210
123 211
123 248
123 256
123 261
123 262
123 264
123 272
123 274
123 275
123 278
123 280
123 281
123 282
123 283
123 284
123 285
123 293
123 297
123 299
123 305
124 125
124 127
124 129
124 130
124 133
124 135
124 136
124 139
124 145
124 147
124 149
124 158
124 159
124 161
124 164
124 183
124 188
124 189
124 190
125 127
125 147
125 149
125 158
125 159
125 161
125 164
125 167
125 183
125 188
125 192
125 203
125 230
126 245
127 136
127 146
127 147
127 148
127 149
127 158
127 159
127 161
127 164
127 183
127 188
127 194
127 226
128 149
128 157
128 162
128 164
128 168
128 178
128 190
128 200
128 201
128 206
128 216
128 217
128 231
128 235
128 241
128 288
128 289
128 292
129 130
129 145
129 150
129 151
129 152
129 156
129 165
129 166
129 185
129 186
129 187
129 190
129 192
130 131
130 137
130 140
130 141
130 142
130 143
130 144
130 145
130 150
130 151
130 152
130 154
130 155
130 163
130 166
130 178
130 185
130 186
130 187
130 190
130 192
131 132
131 134
131 137
131 138
131 140
131 141
131 142
131 143
131 144
131 145
131 151
131 154
131 155
131 163
131 164
131 178
131 220
131 234
132 133
132 137
132 139
132 142
132 149
132 151
132 153
132 155
132 157
132 160
132 163
132 164
132 165
132 233
133 137
133 139
133 142
133 145
133 149
133 153
133 155
133 156
133 157
133 158
133 159
133 163
133 165
133 198
133 233
134 138
134 193
134 194
134 195
134 200
134 202
134 203
134 204
134 206
134 220
134 229
134 234
134 236
134 238
134 240
134 244
135 136
135 138
135 143
135 144
135 145
135 151
135 152
135 153
135 155
135 161
135 163
135 164
135 178
135 188
135 189
135 233
135 239
136 137
136 138
136 145
136 147
136 148
136 149
136 152
136 153
136 155
136 189
137 138
137 139
137 140
137 141
137 142
137 143
137 144
137 145
137 149
137 151
137 152
137 153
137 155
137 156
137 157
137 163
137 165
137 178
137 233
138 139
138 141
138 152
138 153
138 154
138 156
138 220
138 234
138 239
139 142
139 149
139 153
139 155
139 156
139 157
139 158
139 159
139 163
139 165
139 233
140 141
140 142
140 143
140 144
140 145
140 150
140 151
140 154
140 155
140 163
140 165
140 178
140 233
141 142
141 143
141 144
141 145
141 151
141 155
141 163
141 178
142 143
142 144
142 145
142 149
142 151
142 152
142 153
142 154
142 155
142 156
142 157
142 163
142 165
142 178
142 196
142 197
142 207
142 233
143 144
143 145
143 150
143 151
143 155
143 163
143 164
143 165
143 178
143 188
143 189
143 233
144 145
144 150
144 151
144 155
144 163
144 164
144 165
144 178
144 188
144 189
144 233
145 151
145 153
145 155
145 158
145 159
145 163
145 178
145 189
146 148
146 149
146 152
146 157
146 183
146 194
146 226
147 148
147 149
147 158
147 159
147 161
147 164
147 183
147 188
147 193
147 194
147 200
147 206
147 207
147 288
148 149
148 183
148 215
148 226
148 290
148 291
149 153
149 155
149 157
149 158
149 159
149 161
149 162
149 163
149 164
149 165
149 167
149 168
149 183
149 188
149 190
149 216
149 217
149 233
150 151
150 156
150 163
150 165
150 166
150 190
150 198
150 233
151 155
151 163
151 164
151 166
151 178
151 185
151 186
151 187
151 188
151 190
151 192
152 153
152 155
152 156
152 163
152 165
152 209
153 155
153 156
153 157
153 163
153 165
153 233
154 156
155 156
155 157
155 161
155 163
155 165
155 178
155 188
155 189
155 233
155 239
156 163
156 165
157 162
157 163
157 165
157 167
157 168
157 183
157 190
157 216
157 217
157 233
158 159
158 161
158 164
158 183
158 188
158 190
158 204
158 227
158 228
158 234
159 161
159 164
159 183
159 188
159 190
159 204
159 227
159 228
159 234
161 164
161 178
161 183
161 188
161 245
162 164
162 168
162 178
162 190
162 200
162 201
162 206
162 216
162 217
162 231
162 235
162 241
162 288
162 289
162 292
163 164
163 165
163 178
163 188
163 189
163 233
164 178
164 183
164 188
164 200
164 201
164 206
164 208
164 231
164 232
164 235
164 288
164 289
164 292
165 189
165 233
166 167
166 185
166 186
166 187
166 190
166 192
166 204
166 226
166 242
167 185
167 186
167 187
167 203
167 230
167 242
168 185
168 186
168 187
168 190
168 203
168 209
168 216
168 217
169 170
169 171
169 175
170 171
170 175
171 175
171 212
171 213
171 218
172 173
172 174
172 176
172 184
172 210
172 211
172 248
172 256
172 257
172 258
172 261
172 262
172 264
172 265
172 272
172 274
172 275
172 278
172 280
172 281
172 282
172 283
172 284
172 285
172 293
172 305
173 174
173 176
173 184
173 210
173 211
173 248
173 256
173 257
173 258
173 261
173 262
173 264
173 265
173 272
173 274
173 275
173 278
173 280
173 281
173 282
173 283
173 284
173 285
173 293
173 305
174 180
174 248
174 256
174 257
174 262
174 265
174 270
174 271
174 272
174 278
174 295
174 296
174 297
174 298
174 302
175 264
176 184
176 210
176 211
176 212
176 213
176 218
176 248
176 256
176 258
176 261
176 262
176 264
176 272
176 274
176 275
176 278
176 280
176 281
176 282
176 283
176 284
176 285
176 293
176 303
176 304
176 305
177 212
177 213
177 214
177 218
178 188
178 200
178 201
178 206
178 231
178 235
178 288
178 289
178 292
178 293
179 180
179 181
179 182
179 211
179 277
179 294
179 295
179 296
179 299
179 300
179 301
179 302
179 303
179 304
179 306
180 181
180 182
180 265
180 270
180 271
180 277
180 295
180 296
180 297
180 298
180 299
180 300
180 301
180 302
180 303
180 304
180 306
181 182
181 277
181 299
181 300
181 301
181 302
181 303
181 304
181 306
182 184
182 277
182 293
182 294
182 299
182 300
182 301
182 302
182 303
182 304
182 306
183 188
183 215
183 226
183 245
183 290
183 291
184 210
184 211
184 248
184 256
184 261
184 262
184 263
184 264
184 270
184 271
184 272
184 274
184 275
184 277
184 278
184 280
184 281
184 282
184 283
184 284
184 285
184 293
184 294
184 305
185 186
185 187
185 192
185 198
185 203
185 204
185 226
185 242
186 187
186 192
186 198
186 203
186 204
186 226
186 242
187 192
187 198
187 203
187 204
187 226
187 242
189 239
190 198
190 206
190 216
190 217
190 303
190 306
191 199
191 207
191 226
191 229
191 233
191 242
191 286
191 288
191 289
192 226
192 242
192 244
192 290
192 291
193 200
193 205
193 215
193 216
193 217
193 223
193 224
193 225
193 238
193 244
193 288
194 195
194 196
194 197
194 203
194 204
194 206
194 207
194 229
194 234
194 236
194 240
195 202
195 203
195 204
195 206
195 215
195 219
195 224
195 225
195 229
195 234
195 236
195 237
195 240
196 197
196 202
196 227
196 228
196 233
196 236
196 240
196 243
196 244
197 202
197 227
197 228
197 233
197 236
197 240
197 243
197 244
199 205
199 206
199 227
199 228
199 229
199 231
199 232
199 235
199 237
199 239
199 240
199 243
199 288
199 289
200 201
200 206
200 220
200 231
200 235
200 238
200 244
200 288
200 289
200 292
201 206
201 209
201 231
201 232
201 235
201 288
201 289
201 292
202 207
202 215
202 216
202 217
202 219
202 221
202 222
202 223
202 224
202 225
202 227
202 228
202 237
202 240
202 243
202 244
202 286
203 204
203 206
203 215
203 229
203 230
203 234
203 236
203 238
203 240
204 206
204 219
204 227
204 228
204 229
204 234
204 236
204 240
204 242
205 208
205 215
205 216
205 217
205 221
205 222
205 223
205 224
205 225
205 230
205 235
205 238
205 239
205 240
205 241
205 244
206 207
206 216
206 217
206 226
206 227
206 228
206 229
206 231
206 232
206 234
206 235
206 236
206 237
206 239
206 240
206 288
206 289
206 292
207 215
207 216
207 217
207 219
207 221
207 222
207 223
207 226
207 233
207 242
207 244
207 286
208 209
208 220
208 238
208 239
208 240
208 241
209 221
209 222
209 224
209 225
209 233
209 239
209 240
210 211
210 212
210 213
210 214
210 218
210 248
210 256
210 261
210 262
210 264
210 272
210 274
210 275
210 278
210 280
210 281
210 282
210 283
210 284
210 285
210 293
210 300
210 305
211 248
211 255
211 256
211 261
211 262
211 264
211 266
211 272
211 274
211 275
211 278
211 280
211 281
211 282
211 283
211 284
211 285
211 293
211 305
212 213
212 214
212 218
212 261
212 262
212 264
212 265
212 266
212 269
212 280
212 303
212 304
213 214
213 218
213 261
213 262
213 264
213 265
213 266
213 269
213 280
213 303
213 304
214 218
214 261
214 265
214 266
214 269
215 216
215 217
215 219
215 221
215 222
215 223
215 224
215 225
215 226
215 227
215 228
215 230
215 238
215 286
215 290
215 291
216 217
216 219
216 221
216 222
216 223
216 224
216 225
216 230
216 231
216 232
216 238
216 241
216 286
217 219
217 221
217 222
217 223
217 224
217 225
217 230
217 231
217 232
217 238
217 241
217 286
218 261
218 262
218 264
218 265
218 266
218 269
218 280
218 303
218 304
219 221
219 222
219 223
219 234
219 237
219 238
219 243
219 286
220 234
220 241
221 222
221 223
221 224
221 225
221 237
221 286
222 223
222 224
222 225
222 237
222 286
223 224
223 225
223 236
223 238
223 286
224 225
224 230
224 237
224 238
224 239
224 244
224 287
225 230
225 237
225 238
225 239
225 244
225 287
226 233
226 242
226 290
226 291
227 228
227 231
227 232
227 234
227 237
227 239
227 240
227 243
227 244
228 231
228 232
228 234
228 237
228 239
228 240
228 243
228 244
229 230
229 234
229 236
229 240
229 243
229 288
229 289
230 238
231 232
231 235
231 237
231 239
231 240
231 288
231 289
231 292
232 237
232 239
232 240
233 242
233 243
234 236
234 240
235 240
235 241
235 288
235 289
235 292
236 240
236 243
237 239
237 240
238 239
238 240
238 241
238 244
238 287
239 240
239 241
239 244
239 287
240 241
240 243
240 244
241 286
243 244
243 288
243 289
244 287
246 255
246 259
246 260
247 256
247 257
247 267
247 268
247 269
247 272
247 288
247 289
247 290
247 291
248 256
248 257
248 261
248 262
248 264
248 265
248 272
248 274
248 275
248 278
248 280
248 281
248 282
248 283
248 284
248 285
248 293
248 305
248 306
249 250
249 251
250 251
251 252
251 253
252 253
254 263
254 267
254 268
254 273
254 279
254 280
254 281
254 282
254 283
254 284
254 285
255 259
255 260
256 257
256 261
256 262
256 263
256 264
256 265
256 269
256 270
256 271
256 272
256 273
256 274
256 275
256 278
256 280
256 281
256 282
256 283
256 284
256 285
256 288
256 289
256 290
256 291
256 293
256 305
256 306
257 262
257 263
257 265
257 269
257 270
257 271
257 272
257 273
257 274
257 275
257 278
257 288
257 289
257 290
257 291
258 265
258 266
258 278
259 260
261 262
261 264
261 270
261 271
261 272
261 273
261 274
261 275
261 278
261 280
261 281
261 282
261 283
261 284
261 285
261 293
261 305
262 263
262 264
262 265
262 269
262 272
262 273
262 274
262 275
262 278
262 280
262 281
262 282
262 283
262 284
262 285
262 293
262 303
262 304
262 305
263 269
263 270
263 271
263 272
263 273
263 274
263 275
264 272
264 274
264 275
264 278
264 280
264 281
264 282
264 283
264 284
264 285
264 293
264 303
264 304
264 305
265 266
265 270
265 271
265 272
265 278
265 295
265 296
265 297
265 298
265 302
266 293
266 305
267 268
267 269
268 269
269 272
269 273
269 274
269 275
269 276
269 279
269 280
269 281
269 282
269 283
269 284
269 285
269 288
269 289
269 290
269 291
270 271
270 272
270 274
270 275
270 295
270 296
270 297
270 298
270 302
271 272
271 274
271 275
271 295
271 296
271 297
271 298
271 302
272 273
272 274
272 275
272 278
272 280
272 281
272 282
272 283
272 284
272 285
272 288
272 289
272 290
272 291
272 293
272 305
272 306
273 274
273 275
274 275
274 278
274 280
274 281
274 282
274 283
274 284
274 285
274 293
274 300
274 305
275 278
275 280
275 281
275 282
275 283
275 284
275 285
275 293
275 300
275 305
276 279
276 280
276 281
276 282
276 283
276 284
276 285
277 293
277 294
277 299
277 300
277 301
277 302
277 303
277 304
277 306
278 280
278 281
278 282
278 283
278 284
278 285
278 293
278 305
279 280
279 281
279 282
279 283
279 284
279 285
280 281
280 282
280 283
280 284
280 285
280 293
280 303
280 304
280 305
281 282
281 283
281 284
281 285
281 293
281 300
281 305
282 283
282 284
282 285
282 293
282 300
282 305
283 284
283 285
283 293
283 305
283 306
284 285
284 293
284 300
284 305
285 293
285 305
285 306
286 287
286 288
286 289
286 290
286 291
286 292
287 288
287 289
287 290
287 291
287 292
288 289
288 290
288 291
288 292
289 290
289 291
289 292
290 291
290 292
291 292
293 294
293 305
294 297
294 298
294 299
294 300
294 303
294 304
294 305
294 306
295 296
295 297
295 298
295 299
295 300
295 301
295 302
295 303
295 304
295 306
296 297
296 298
296 299
296 300
296 301
296 302
296 303
296 304
296 306
297 298
297 302
297 305
298 299
298 301
298 302
298 303
298 306
299 300
299 301
299 302
299 303
299 304
299 306
300 301
300 302
300 303
300 304
300 306
301 302
301 303
301 304
301 306
302 303
302 304
302 306
303 304
303 306
304 306
305 306
