0.8613422610419507
0.21414447787443064
0.2980295667941743
0.44866336065505724
0.382394983837227
0.2954586187727448
0.3085732053147748
0.27721086565468017
0.31260701354939646
0.4292266188817407
0.2695092544669859
0.1391158377036836
0.19018532366254956
0.1763282705146974
0.28353728111119386
0.9682583369575459
0.3482089302408148
0.9823015383090478
0.9330409310667002
0.6993307788787948
0.8053557995115852
0.33424498644745254
0.15814239781241268
0.1775409065149235
0.35948228276845745
0.3641172697781272
0.33261447354462553
0.42527313601185446
0.39234519355849234
0.29184965116605666
0.25781887897378347
0.3464028654715211
0.25895409239466155
0.3659278124948972
0.3313662195863459
0.2906748341762292
0.6893331109129319
1.0
0.8349389313622951
0.8913844556984718
0.9062752054320337
0.8757221659298777
0.8304707984786595
0.7530720706953453
0.8186035832439189
0.8511151947668406
0.8111278535002951
0.8625775718987725
0.7328714110643557
0.8842885720085661
0.18050440099823203
0.2962180637553263
0.3301366475593728
0.2607027563843154
0.36525156670044656
0.3297667016810807
0.46244491837860285
0.9188441309882146
0.3973989154238189
0.3103265937959871
0.31964913928648025
0.3269956735952425
0.22565372627831695
0.28695034701762323
0.27424786673987905
0.3774344792520819
0.2713839887897519
0.34167622716293683
0.5769036843933798
0.39072544879060717
0.71378222566133
0.6384219676381153
0.212575233931562
0.2233424952679351
0.23144284922857228
0.27690860159347197
0.48923381184496
0.4250181193992964
0.44732512136865354
0.6678642602814647
0.5604859605129279
0.7587116734671595
0.5645050011686775
0.6257304880086793
0.6025350965407181
0.5972273369209782
0.5871954220194106
0.6138524616560256
0.3034022328027119
0.5355070449131194
0.3076690817448857
0.0
0.4091429794652652
0.5585870872081241
0.5433164198882449
0.18104936220163015
0.5013355281679935
0.5305183196386168
0.4804295790201576
0.5362860384481725
0.5671985927169095
0.7414497698609441
0.5050471027479765
0.4787333272966147
0.5071132644009738
0.7007181733812576
0.4638434296373302
0.47127305134409564
0.4750642153296906
0.49527724158104397
0.6058422518576869
0.39997497212303057
0.9244690130533311
0.5302643054479423
0.41664878697620383
0.2608239683082717
0.23763183599998605
0.6782185221854932
0.6833353509197656
0.573240168943951
0.47229685891735673
0.1912270511727123
0.494190016280137
0.4918429872037398
0.29915537667791886
0.315305095231794
0.6453834428772399
0.34282513459916164
0.25698408787583615
0.36658362707553144
0.37886097723463386
0.26296452393634745
0.2346435712415972
0.28844782007032865
0.13408718133175465
0.2837662543973286
0.3124518727233053
0.26913130891054465
0.16614159184992555
0.19190613465714068
0.37335616548925016
0.35111165599946276
0.2504659435407009
0.34047574868020747
0.33495685887555404
0.3585076846077504
0.28407855134982457
0.2505083765668312
0.35051085054534925
0.2740479214514561
0.34877030695309313
0.3525018701031884
0.19612951808501747
0.21050341950655582
0.3290301403536209
0.27955599735210973
0.2563868746723874
0.2474109999744222
0.22678166811952608
0.25163057028099756
0.18561575944383507
0.3964393265182334
0.27581587176678807
0.3006305198450506
0.27581241099935433
0.30500112787454703
0.42784021172253806
0.34724554577725486
0.27412541553632863
0.8640756098003064
0.8357547925934048
0.7603602479656942
0.5300647555588618
0.5253943245263014
0.46819835505063107
0.7129901620197157
0.573766125572531
0.6128546933851089
0.32917173378810966
0.32724023458596685
0.347518445671312
0.2701796195455125
0.30734071435417476
0.35572324695381285
0.4511443483759727
0.41991225288675893
0.39641141905556937
0.3902519026901697
0.3253738021359298
0.3106684702057294
0.32006882383010665
0.3041351062780097
0.38403551809728353
0.13161756380546338
0.19237830408749557
0.12058966259493832
0.07928933389209368
0.11084310487227289
0.44457393066729783
0.19078148076149004
0.22587993540093987
0.26679757115443126
0.06793881492525812
0.23860324511920566
0.2514513198257656
0.08042567336433949
0.20944477583047763
0.19533785763313707
0.045732154834916446
0.08954528621702533
0.5544752861101476
0.5266590934042586
0.6079182056925609
0.6273491277335894
0.643271804911756
0.1850549194423236
0.15300958608920606
0.15986654003412282
0.611533964931246
0.11554841514188204
0.10106874816134531
0.042083753804844456
0.07238644798030021
0.08446585626719581
0.045612672938108105
0.09013031815262428
0.34072003458264494
0.1368334699767943
0.10530958769508802
0.23502805753407047
0.20039655485533173
0.21617863619724287
0.1551188515108032
0.22911628979566023
0.14636944128850155
0.24255436317223697
0.08120639909785542
0.05360426843346599
0.1038416962550687
0.16343868431298314
0.13122676126372027
0.16384911036187325
0.37657485137747065
0.1693649813602771
0.11414989455658796
0.5310765654791543
0.6641681484440957
0.39846191261538777
0.537841872327039
0.5269357792959469
0.539386166513619
0.5538296566745441
0.6237669361601164
0.5648356145716512
0.5659849554105506
0.631512590023971
0.4933234391468059
0.4890100491335659
0.6523804062673318
0.704428746720266
0.7172331934721938
0.5108953153554538
0.5243948835795691
0.5334141686476119
0.5517537877337699
0.5057309801868095
0.6048929947230943
0.44415417375337185
0.4248753203461568
0.4778742434171942
0.42846688986769826
0.42744459927838463
0.47635644275751265
0.5578945900129054
0.501429547505475
0.5494966498492796
0.6249237386381828
0.3138734503663952
0.5625134498512402
0.6047316202626123
0.5334343855828334
0.5124710775820369
0.5513846003442641
0.5300822121700335
0.5596991430370423
0.515435825045067
0.18735279846002978
0.21390838068146223
0.32968075030877336
0.3236987751519904
0.38558462218270867
0.36366783712086637
0.29296541948143173
0.45352795741650764
0.38151428037145063
0.38531523929722483
0.38592387787195154
0.38461679562933304
0.3348714212640273
0.3432041644463544
0.40050066772018383
0.2770313375054328
0.335240827877542
0.41019286081724204
0.42230510905230806
0.4588196523651587
0.3671876893101094
