0.12820192895712523
0.18429051681985503
0.16010630361806866
0.17575098028924688
0.16421670651154596
0.18820906070216767
0.33283734239928425
0.3291693454252467
0.11282717507347646
0.2656468661120928
0.14264402630490433
0.11694391275461478
0.24999401523167317
0.31109639251503896
0.3844470304627588
0.12047605238488913
0.23328410280882342
0.17544251127266072
0.13464389285581183
0.29155088023458925
0.3261076373763329
0.29446924373136885
0.16954799458604491
0.14576817629544972
0.21331399715792912
0.14401673052285013
0.15514563282118934
0.1609144598375535
0.13095333429866773
0.001706949555050403
0.04237275689221862
0.10336503578643755
0.2562875654551985
0.04034577469887522
0.026017906975085
0.05535099474092792
0.21513989936609432
0.14736562563172986
0.3478860709365247
0.15195702556341206
0.18924715858396768
0.1813250437289589
0.14335921430166051
0.38364443947419374
0.17711111763676274
0.3186636250133275
0.3003174757877612
0.2840040326625327
0.3612795155019024
0.3470322099310622
0.09858611728033365
0.029090975901453747
0.05201299001052484
0.01682818344949698
0.014186610905633024
0.0
0.21069773082795468
0.08599518273839672
0.187155311575247
0.2632304817306988
0.22697311375609605
0.20189545969444742
0.15650312523811188
0.23613228212949897
0.2044352058041402
0.247409102850914
0.17047249636808873
0.1757272672596975
0.417117277276139
0.7602977193158034
0.07584217005850044
0.15640952831552246
0.839892441664488
0.8156927794440152
0.8587980787768222
0.8814190437253541
0.3484090582012029
0.29480034222951396
0.42875588915610946
0.4516279614367355
0.5811170467773303
0.42156539930033377
0.5262470064787561
0.4793884631239346
0.5240858616451399
0.4807696370497972
0.5014907863834163
0.4974523660219345
0.7312226162502787
0.4050432171512414
0.71317804467284
0.6985682254458117
0.3835648066204815
0.27511975590205573
0.3247238259863703
0.6807815299841059
0.5197541772310433
0.37290181354440527
0.4103120902530365
0.30027333585634586
0.35056635399257524
0.4705195904209624
0.38501126842475625
0.3203807720517252
0.3242202151873651
0.3294103432097735
0.35997702205939835
0.42781391722312884
0.44368835800358625
0.39693113789044804
0.3060187542374581
0.30858289363372027
0.48696380475049134
0.35086667512325653
0.8483580795051914
0.8978507459187953
0.838783659675326
0.40389039903128043
0.42649193061900087
0.4518293562115246
0.39640365778194975
0.7994442938055251
0.4218783229415081
0.4351458183900865
0.79717194433108
0.7601253881538136
0.906836714134801
0.7586242447849896
0.6949106056533397
0.7778258148209694
0.8038929854835313
0.8090571865761886
0.8817833260057751
0.8618679964718419
0.7371693420115197
0.8132547425862012
0.8128576224004317
0.8480813121470063
0.8414566324049778
0.8558038961697491
0.8543933899132267
0.871562521099815
0.8252231630465922
0.8500345896412491
0.831522410460297
0.8322328001606872
0.7622123163062017
0.7363740189665128
0.6957356290738274
0.7798127546405709
0.8101250838512605
0.7906593710715533
0.8246892097066868
0.8727953269864261
0.9066903953127623
0.8321409975971362
0.8657110669610201
0.7820247899718458
0.7697186487562214
0.7637717376248584
1.0
0.7873985898030913
0.6850404537912891
0.8345777670029265
0.7381152420081164
0.8516233184341885
0.7294389744420929
0.7170067840401302
0.7141016729083286
0.5372771521265335
0.5682377771806127
0.49816399929113997
0.4489272363955886
0.48047902922419516
0.504838020766952
0.5208255771411332
0.4335508751300757
0.3470477852576595
0.7335149584718513
0.402888469258158
0.4463482081379671
0.41979820085228803
0.45522263677063807
0.7377060716436564
0.4432379374968438
0.7057633397996729
0.7324235551635028
0.7152252815432711
0.7847612776051061
0.8786370220402253
0.6890193621354637
0.6582406157097447
0.6940143059147569
0.6475740480782098
0.7491757124825866
0.667571838944587
0.7714017503993758
0.7741434766876141
0.7744304288335966
0.6387587723978274
0.6949465640731322
0.6587184668807046
0.6943844340091162
0.7161139164206388
0.6226495181881733
0.6742062443271887
0.6789455866589629
0.6969543836806115
0.7499730104064689
0.7384659126735705
0.4168635844351552
0.39154950295507185
0.4283802580967703
0.43815925305626974
0.39475861767918974
0.657416401000424
0.682191933224349
0.665630021121496
0.45127063448910376
0.628275099136696
0.8033563022678948
0.6403551430095483
0.6368104492734503
0.6201360542869231
0.6792579810307401
0.6552159462506149
0.67445516655992
0.7110374748103399
0.7045273201677867
0.6723957729725716
0.7216973186686845
0.6558657689795848
0.6358207120621979
0.7932051271813702
0.7537937283491032
0.6455409973217617
0.7151111419349319
0.6603305691942989
0.6832800869244263
0.7408952298079866
0.6939826476393404
0.7197282821351163
0.6719009365379573
0.701562575823729
0.7215588745412567
0.8333811964515629
0.11123347564101613
0.5197964599032528
0.4717606121731854
0.19485359335163038
0.2306062205567837
0.13293731727252286
0.03005883734289294
0.024758713381943017
0.37980059382191594
0.22793721044950285
0.48966449344463986
0.5342877279808197
0.5027866784231068
0.14592700478378362
0.11970765874445616
0.44115030358957585
0.46155564788192366
0.5058157641631605
0.4575105197847643
0.4715926577216322
0.3974257621804375
0.34081133595798574
0.3564947018923993
0.45771047119169145
0.47857343513696143
0.4949071943261959
0.48269433589825156
0.49251619424654053
0.4559626963767352
0.4453341682001049
0.41358228680344
0.4316220064305274
0.4700325584995329
0.3733702311214742
0.4189049893557796
0.4090962488480631
0.4305540326481097
0.43478944715223483
0.4027538635542429
0.42488251851889586
0.612564508169676
0.6172129203821497
0.6196790729048693
0.6028700953325378
0.6026895282702928
0.5897065069714641
0.6340766911332545
0.45935203209694575
0.492477558856309
0.41586986259462916
0.39849140632443436
0.4551815233959795
0.4903081995641741
0.4230720241588875
0.4336413385020089
0.44162466788022275
0.4633434079573701
0.46505056190220256
0.4174768505438566
0.41182585012109096
0.4767752627428321
